Date Time; Lifetime;ADC1; StdADC1; T1; StdT1;T2; StdT2;T3; StdT3;Rn1;Rn2;Rn3;Rn4;ADC2; StdADC2; ADC3; StdADC3; Counter1;Counter2;FluxSlope;FluxOffset;ADC2Slope;ADC2Offset;ADC3Slope;ADC3Offset;Temp1Slope;Temp1Offset;Temp2Slope;Temp2Offset;Temp3Slope;Temp3Offset;Counter1Slope;Counter1Offset;Counter2Slope;Counter2Offset;ID 
21.04.2016 08:30:00; 1798; 1695.943; 10.92; 0.0; 0.0; 0.0; 0.0; 0.0; 0.0; 3653; 92; 208; 94; 0.0; 0.0; 0.0; 0.006; 5.0; 16.0; 23.63672; -33.93199; 1.0; 0.0; 1.0; 0.0; 1.0; 0.0; 1.00001; 0.0; 1.0; 0.0; 1.0; 0.0; 1.0; 0.0; 1_Heidelberg; 
21.04.2016 08:00:00; 1799; 1695.776; 10.665; 0.0; 0.0; 0.0; 0.0; 0.0; 0.0; 3817; 92; 184; 94; 0.0; 0.0; 0.0; 0.006; 5.0; 16.0; 23.63672; -33.93199; 1.0; 0.0; 1.0; 0.0; 1.0; 0.0; 1.00001; 0.0; 1.0; 0.0; 1.0; 0.0; 1.0; 0.0; 1_Heidelberg; 
21.04.2016 07:30:00; 1798; 1698.495; 10.863; 0.0; 0.0; 0.0; 0.0; 0.0; 0.0; 2403; 60; 170; 94; 0.0; 0.0; 0.0; 0.006; 5.0; 16.0; 23.63672; -33.93199; 1.0; 0.0; 1.0; 0.0; 1.0; 0.0; 1.00001; 0.0; 1.0; 0.0; 1.0; 0.0; 1.0; 0.0; 1_Heidelberg; 
21.04.2016 07:00:00; 1799; 1701.762; 10.84; 0.0; 0.0; 0.0; 0.0; 0.0; 0.0; 1803; 51; 156; 94; 0.0; 0.0; 0.0; 0.006; 5.0; 16.0; 23.63672; -33.93199; 1.0; 0.0; 1.0; 0.0; 1.0; 0.0; 1.00001; 0.0; 1.0; 0.0; 1.0; 0.0; 1.0; 0.0; 1_Heidelberg; 
21.04.2016 06:30:00; 1798; 1702.857; 10.989; 0.0; 0.0; 0.0; 0.0; 0.0; 0.0; 1746; 42; 166; 94; 0.0; 0.0; 0.0; 0.006; 5.0; 16.0; 23.63672; -33.93199; 1.0; 0.0; 1.0; 0.0; 1.0; 0.0; 1.00001; 0.0; 1.0; 0.0; 1.0; 0.0; 1.0; 0.0; 1_Heidelberg; 
21.04.2016 06:00:00; 1799; 1702.246; 11.011; 0.0; 0.0; 0.0; 0.0; 0.0; 0.0; 1669; 41; 188; 94; 0.0; 0.0; 0.0; 0.006; 5.0; 16.0; 23.63672; -33.93199; 1.0; 0.0; 1.0; 0.0; 1.0; 0.0; 1.00001; 0.0; 1.0; 0.0; 1.0; 0.0; 1.0; 0.0; 1_Heidelberg; 
21.04.2016 05:30:00; 1798; 1701.245; 10.851; 0.0; 0.0; 0.0; 0.0; 0.0; 0.0; 1518; 46; 195; 94; 0.0; 0.0; 0.0; 0.006; 5.0; 16.0; 23.63672; -33.93199; 1.0; 0.0; 1.0; 0.0; 1.0; 0.0; 1.00001; 0.0; 1.0; 0.0; 1.0; 0.0; 1.0; 0.0; 1_Heidelberg; 
21.04.2016 05:00:00; 1799; 1700.809; 10.954; 0.0; 0.0; 0.0; 0.0; 0.0; 0.0; 1406; 30; 196; 94; 0.0; 0.0; 0.0; 0.006; 5.0; 16.0; 23.63672; -33.93199; 1.0; 0.0; 1.0; 0.0; 1.0; 0.0; 1.00001; 0.0; 1.0; 0.0; 1.0; 0.0; 1.0; 0.0; 1_Heidelberg; 
21.04.2016 04:30:00; 1798; 1700.938; 10.607; 0.0; 0.0; 0.0; 0.0; 0.0; 0.0; 1378; 36; 177; 94; 0.0; 0.0; 0.0; 0.006; 5.0; 16.0; 23.63672; -33.93199; 1.0; 0.0; 1.0; 0.0; 1.0; 0.0; 1.00001; 0.0; 1.0; 0.0; 1.0; 0.0; 1.0; 0.0; 1_Heidelberg; 
21.04.2016 04:00:00; 1799; 1701.245; 10.712; 0.0; 0.0; 0.0; 0.0; 0.0; 0.0; 1392; 45; 183; 94; 0.0; 0.0; 0.0; 0.005; 5.0; 16.0; 23.63672; -33.93199; 1.0; 0.0; 1.0; 0.0; 1.0; 0.0; 1.00001; 0.0; 1.0; 0.0; 1.0; 0.0; 1.0; 0.0; 1_Heidelberg; 
21.04.2016 03:30:00; 1798; 1701.046; 10.932; 0.0; 0.0; 0.0; 0.0; 0.0; 0.0; 1397; 41; 208; 94; 0.0; 0.0; 0.0; 0.006; 5.0; 16.0; 23.63672; -33.93199; 1.0; 0.0; 1.0; 0.0; 1.0; 0.0; 1.00001; 0.0; 1.0; 0.0; 1.0; 0.0; 1.0; 0.0; 1_Heidelberg; 
21.04.2016 03:00:00; 1799; 1700.971; 10.817; 0.0; 0.0; 0.0; 0.0; 0.0; 0.0; 1318; 32; 164; 94; 0.0; 0.0; 0.0; 0.006; 5.0; 16.0; 23.63672; -33.93199; 1.0; 0.0; 1.0; 0.0; 1.0; 0.0; 1.00001; 0.0; 1.0; 0.0; 1.0; 0.0; 1.0; 0.0; 1_Heidelberg; 
21.04.2016 02:30:00; 1798; 1700.635; 10.989; 0.0; 0.0; 0.0; 0.0; 0.0; 0.0; 1337; 42; 169; 94; 0.0; 0.0; 0.0; 0.006; 5.0; 16.0; 23.63672; -33.93199; 1.0; 0.0; 1.0; 0.0; 1.0; 0.0; 1.00001; 0.0; 1.0; 0.0; 1.0; 0.0; 1.0; 0.0; 1_Heidelberg; 
21.04.2016 02:00:00; 1799; 1701.38; 10.989; 0.0; 0.0; 0.0; 0.0; 0.0; 0.0; 1371; 33; 207; 94; 0.0; 0.0; 0.0; 0.006; 5.0; 16.0; 23.63672; -33.93199; 1.0; 0.0; 1.0; 0.0; 1.0; 0.0; 1.00001; 0.0; 1.0; 0.0; 1.0; 0.0; 1.0; 0.0; 1_Heidelberg; 
21.04.2016 01:30:00; 1798; 1701.148; 10.863; 0.0; 0.0; 0.0; 0.0; 0.0; 0.0; 1311; 41; 186; 94; 0.0; 0.0; 0.0; 0.006; 5.0; 16.0; 23.63672; -33.93199; 1.0; 0.0; 1.0; 0.0; 1.0; 0.0; 1.00001; 0.0; 1.0; 0.0; 1.0; 0.0; 1.0; 0.0; 1_Heidelberg; 
21.04.2016 01:00:00; 1799; 1701.716; 10.512; 0.0; 0.0; 0.0; 0.0; 0.0; 0.0; 1350; 29; 190; 94; 0.0; 0.0; 0.0; 0.006; 5.0; 16.0; 23.63672; -33.93199; 1.0; 0.0; 1.0; 0.0; 1.0; 0.0; 1.00001; 0.0; 1.0; 0.0; 1.0; 0.0; 1.0; 0.0; 1_Heidelberg; 
21.04.2016 00:30:00; 1799; 1702.284; 10.794; 0.0; 0.0; 0.0; 0.0; 0.0; 0.0; 1486; 33; 184; 94; 0.0; 0.0; 0.0; 0.006; 5.0; 16.0; 23.63672; -33.93199; 1.0; 0.0; 1.0; 0.0; 1.0; 0.0; 1.00001; 0.0; 1.0; 0.0; 1.0; 0.0; 1.0; 0.0; 1_Heidelberg; 
21.04.2016 00:00:00; 1798; 1704.113; 10.863; 0.0; 0.0; 0.0; 0.0; 0.0; 0.0; 1696; 40; 207; 94; 0.0; 0.0; 0.0; 0.006; 5.0; 16.0; 23.63672; -33.93199; 1.0; 0.0; 1.0; 0.0; 1.0; 0.0; 1.00001; 0.0; 1.0; 0.0; 1.0; 0.0; 1.0; 0.0; 1_Heidelberg; 
20.04.2016 23:30:00; 1799; 1703.871; 10.828; 0.0; 0.0; 0.0; 0.0; 0.0; 0.0; 1839; 47; 209; 94; 0.0; 0.0; 0.0; 0.006; 5.0; 16.0; 23.63672; -33.93199; 1.0; 0.0; 1.0; 0.0; 1.0; 0.0; 1.00001; 0.0; 1.0; 0.0; 1.0; 0.0; 1.0; 0.0; 1_Heidelberg; 
20.04.2016 23:00:00; 1798; 1703.687; 10.747; 0.0; 0.0; 0.0; 0.0; 0.0; 0.0; 1597; 36; 206; 94; 0.0; 0.0; 0.0; 0.006; 5.0; 16.0; 23.63672; -33.93199; 1.0; 0.0; 1.0; 0.0; 1.0; 0.0; 1.00001; 0.0; 1.0; 0.0; 1.0; 0.0; 1.0; 0.0; 1_Heidelberg; 
20.04.2016 22:30:00; 1799; 1702.27; 10.794; 0.0; 0.0; 0.0; 0.0; 0.0; 0.0; 1422; 43; 198; 94; 0.0; 0.0; 0.0; 0.006; 5.0; 16.0; 23.63672; -33.93199; 1.0; 0.0; 1.0; 0.0; 1.0; 0.0; 1.00001; 0.0; 1.0; 0.0; 1.0; 0.0; 1.0; 0.0; 1_Heidelberg; 
20.04.2016 22:00:00; 1798; 1702.616; 10.909; 0.0; 0.0; 0.0; 0.0; 0.0; 0.0; 1466; 39; 209; 94; 0.0; 0.0; 0.0; 0.006; 5.0; 16.0; 23.63672; -33.93199; 1.0; 0.0; 1.0; 0.0; 1.0; 0.0; 1.00001; 0.0; 1.0; 0.0; 1.0; 0.0; 1.0; 0.0; 1_Heidelberg; 
20.04.2016 21:30:00; 1799; 1702.146; 10.642; 0.0; 0.0; 0.0; 0.0; 0.0; 0.0; 1443; 37; 250; 94; 0.0; 0.0; 0.0; 0.006; 5.0; 16.0; 23.63672; -33.93199; 1.0; 0.0; 1.0; 0.0; 1.0; 0.0; 1.00001; 0.0; 1.0; 0.0; 1.0; 0.0; 1.0; 0.0; 1_Heidelberg; 
20.04.2016 21:00:00; 1798; 1701.52; 10.642; 0.0; 0.0; 0.0; 0.0; 0.0; 0.0; 1319; 44; 219; 94; 0.0; 0.0; 0.0; 0.006; 5.0; 16.0; 23.63672; -33.93199; 1.0; 0.0; 1.0; 0.0; 1.0; 0.0; 1.00001; 0.0; 1.0; 0.0; 1.0; 0.0; 1.0; 0.0; 1_Heidelberg; 
20.04.2016 20:30:00; 1799; 1700.388; 10.654; 0.0; 0.0; 0.0; 0.0; 0.0; 0.0; 1344; 37; 220; 94; 0.0; 0.0; 0.0; 0.006; 5.0; 16.0; 23.63672; -33.93199; 1.0; 0.0; 1.0; 0.0; 1.0; 0.0; 1.00001; 0.0; 1.0; 0.0; 1.0; 0.0; 1.0; 0.0; 1_Heidelberg; 
20.04.2016 20:00:00; 1798; 1699.159; 10.416; 0.0; 0.0; 0.0; 0.0; 0.0; 0.0; 1338; 30; 239; 94; 0.0; 0.0; 0.0; 0.006; 5.0; 16.0; 23.63672; -33.93199; 1.0; 0.0; 1.0; 0.0; 1.0; 0.0; 1.00001; 0.0; 1.0; 0.0; 1.0; 0.0; 1.0; 0.0; 1_Heidelberg; 
20.04.2016 19:30:00; 1799; 1698.843; 10.84; 0.0; 0.0; 0.0; 0.0; 0.0; 0.0; 1346; 31; 216; 94; 0.0; 0.0; 0.0; 0.006; 5.0; 16.0; 23.63672; -33.93199; 1.0; 0.0; 1.0; 0.0; 1.0; 0.0; 1.00001; 0.0; 1.0; 0.0; 1.0; 0.0; 1.0; 0.0; 1_Heidelberg; 
20.04.2016 19:00:00; 1798; 1696.863; 11.435; 0.0; 0.0; 0.0; 0.0; 0.0; 0.0; 1369; 38; 225; 94; 0.0; 0.0; 0.0; 0.006; 5.0; 16.0; 23.63672; -33.93199; 1.0; 0.0; 1.0; 0.0; 1.0; 0.0; 1.00001; 0.0; 1.0; 0.0; 1.0; 0.0; 1.0; 0.0; 1_Heidelberg; 
20.04.2016 18:30:00; 1799; 1696.089; 10.977; 0.0; 0.0; 0.0; 0.0; 0.0; 0.0; 1369; 33; 240; 94; 0.0; 0.0; 0.0; 0.006; 5.0; 16.0; 23.63672; -33.93199; 1.0; 0.0; 1.0; 0.0; 1.0; 0.0; 1.00001; 0.0; 1.0; 0.0; 1.0; 0.0; 1.0; 0.0; 1_Heidelberg; 
20.04.2016 18:00:00; 1798; 1695.709; 10.77; 0.0; 0.0; 0.0; 0.0; 0.0; 0.0; 1435; 35; 248; 94; 0.0; 0.0; 0.0; 0.006; 5.0; 16.0; 23.63672; -33.93199; 1.0; 0.0; 1.0; 0.0; 1.0; 0.0; 1.00001; 0.0; 1.0; 0.0; 1.0; 0.0; 1.0; 0.0; 1_Heidelberg; 
20.04.2016 17:30:00; 1799; 1696.594; 10.607; 0.0; 0.0; 0.0; 0.0; 0.0; 0.0; 1423; 41; 267; 94; 0.0; 0.0; 0.0; 0.006; 5.0; 16.0; 23.63672; -33.93199; 1.0; 0.0; 1.0; 0.0; 1.0; 0.0; 1.00001; 0.0; 1.0; 0.0; 1.0; 0.0; 1.0; 0.0; 1_Heidelberg; 
20.04.2016 17:00:00; 1798; 1696.639; 10.665; 0.0; 0.0; 0.0; 0.0; 0.0; 0.0; 1407; 41; 267; 94; 0.0; 0.0; 0.0; 0.006; 5.0; 16.0; 23.63672; -33.93199; 1.0; 0.0; 1.0; 0.0; 1.0; 0.0; 1.00001; 0.0; 1.0; 0.0; 1.0; 0.0; 1.0; 0.0; 1_Heidelberg; 
20.04.2016 16:30:00; 1799; 1698.24; 10.548; 0.0; 0.0; 0.0; 0.0; 0.0; 0.0; 1341; 25; 235; 94; 0.0; 0.0; 0.0; 0.006; 5.0; 16.0; 23.63672; -33.93199; 1.0; 0.0; 1.0; 0.0; 1.0; 0.0; 1.00001; 0.0; 1.0; 0.0; 1.0; 0.0; 1.0; 0.0; 1_Heidelberg; 
20.04.2016 16:00:00; 1798; 1699.453; 10.677; 0.0; 0.0; 0.0; 0.0; 0.0; 0.0; 1429; 33; 274; 94; 0.0; 0.0; 0.0; 0.006; 5.0; 16.0; 23.63672; -33.93199; 1.0; 0.0; 1.0; 0.0; 1.0; 0.0; 1.00001; 0.0; 1.0; 0.0; 1.0; 0.0; 1.0; 0.0; 1_Heidelberg; 
20.04.2016 15:30:00; 1799; 1700.582; 10.618; 0.0; 0.0; 0.0; 0.0; 0.0; 0.0; 1377; 41; 252; 94; 0.0; 0.0; 0.0; 0.006; 5.0; 16.0; 23.63672; -33.93199; 1.0; 0.0; 1.0; 0.0; 1.0; 0.0; 1.00001; 0.0; 1.0; 0.0; 1.0; 0.0; 1.0; 0.0; 1_Heidelberg; 
20.04.2016 15:00:00; 1798; 1701.533; 10.595; 0.0; 0.0; 0.0; 0.0; 0.0; 0.0; 1447; 41; 287; 94; 0.0; 0.0; 0.0; 0.006; 5.0; 16.0; 23.63672; -33.93199; 1.0; 0.0; 1.0; 0.0; 1.0; 0.0; 1.00001; 0.0; 1.0; 0.0; 1.0; 0.0; 1.0; 0.0; 1_Heidelberg; 
20.04.2016 14:30:00; 1799; 1702.89; 11.169; 0.0; 0.0; 0.0; 0.0; 0.0; 0.0; 1389; 46; 272; 94; 0.0; 0.0; 0.0; 0.006; 5.0; 16.0; 23.63672; -33.93199; 1.0; 0.0; 1.0; 0.0; 1.0; 0.0; 1.00001; 0.0; 1.0; 0.0; 1.0; 0.0; 1.0; 0.0; 1_Heidelberg; 
20.04.2016 14:00:00; 1798; 1703.748; 11.034; 0.0; 0.0; 0.0; 0.0; 0.0; 0.0; 1393; 36; 294; 94; 0.0; 0.0; 0.0; 0.006; 5.0; 16.0; 23.63672; -33.93199; 1.0; 0.0; 1.0; 0.0; 1.0; 0.0; 1.00001; 0.0; 1.0; 0.0; 1.0; 0.0; 1.0; 0.0; 1_Heidelberg; 
20.04.2016 13:30:00; 1799; 1703.735; 10.943; 0.0; 0.0; 0.0; 0.0; 0.0; 0.0; 1386; 42; 292; 94; 0.0; 0.0; 0.0; 0.005; 5.0; 16.0; 23.63672; -33.93199; 1.0; 0.0; 1.0; 0.0; 1.0; 0.0; 1.00001; 0.0; 1.0; 0.0; 1.0; 0.0; 1.0; 0.0; 1_Heidelberg; 
20.04.2016 13:00:00; 1798; 1705.475; 10.863; 0.0; 0.0; 0.0; 0.0; 0.0; 0.0; 1312; 33; 312; 94; 0.0; 0.0; 0.0; 0.005; 5.0; 16.0; 23.63672; -33.93199; 1.0; 0.0; 1.0; 0.0; 1.0; 0.0; 1.00001; 0.0; 1.0; 0.0; 1.0; 0.0; 1.0; 0.0; 1_Heidelberg; 
20.04.2016 12:30:00; 1799; 1705.853; 10.735; 0.0; 0.0; 0.0; 0.0; 0.0; 0.0; 1392; 46; 311; 94; 0.0; 0.0; 0.0; 0.005; 5.0; 16.0; 23.63672; -33.93199; 1.0; 0.0; 1.0; 0.0; 1.0; 0.0; 1.00001; 0.0; 1.0; 0.0; 1.0; 0.0; 1.0; 0.0; 1_Heidelberg; 
20.04.2016 12:00:00; 1799; 1704.908; 11.034; 0.0; 0.0; 0.0; 0.0; 0.0; 0.0; 1544; 40; 325; 94; 0.0; 0.0; 0.0; 0.005; 5.0; 16.0; 23.63672; -33.93199; 1.0; 0.0; 1.0; 0.0; 1.0; 0.0; 1.00001; 0.0; 1.0; 0.0; 1.0; 0.0; 1.0; 0.0; 1_Heidelberg; 
20.04.2016 11:30:00; 1798; 1703.692; 10.559; 0.0; 0.0; 0.0; 0.0; 0.0; 0.0; 1741; 45; 334; 94; 0.0; 0.0; 0.0; 0.006; 5.0; 16.0; 23.63672; -33.93199; 1.0; 0.0; 1.0; 0.0; 1.0; 0.0; 1.00001; 0.0; 1.0; 0.0; 1.0; 0.0; 1.0; 0.0; 1_Heidelberg; 
20.04.2016 11:00:00; 1799; 1703.629; 10.897; 0.0; 0.0; 0.0; 0.0; 0.0; 0.0; 1967; 52; 330; 94; 0.0; 0.0; 0.0; 0.006; 5.0; 16.0; 23.63672; -33.93199; 1.0; 0.0; 1.0; 0.0; 1.0; 0.0; 1.00001; 0.0; 1.0; 0.0; 1.0; 0.0; 1.0; 0.0; 1_Heidelberg; 
20.04.2016 10:30:00; 1798; 1700.734; 10.356; 0.0; 0.0; 0.0; 0.0; 0.0; 0.0; 2248; 68; 311; 94; 0.0; 0.0; 0.0; 0.006; 5.0; 16.0; 23.63672; -33.93199; 1.0; 0.0; 1.0; 0.0; 1.0; 0.0; 1.00001; 0.0; 1.0; 0.0; 1.0; 0.0; 1.0; 0.0; 1_Heidelberg; 
20.04.2016 10:00:00; 1799; 1699.676; 10.571; 0.0; 0.0; 0.0; 0.0; 0.0; 0.0; 2809; 59; 305; 94; 0.0; 0.0; 0.0; 0.006; 5.0; 16.0; 23.63672; -33.93199; 1.0; 0.0; 1.0; 0.0; 1.0; 0.0; 1.00001; 0.0; 1.0; 0.0; 1.0; 0.0; 1.0; 0.0; 1_Heidelberg; 
20.04.2016 09:30:00; 1798; 1700.756; 10.92; 0.0; 0.0; 0.0; 0.0; 0.0; 0.0; 3694; 89; 367; 94; 0.0; 0.0; 0.0; 0.006; 5.0; 16.0; 23.63672; -33.93199; 1.0; 0.0; 1.0; 0.0; 1.0; 0.0; 1.00001; 0.0; 1.0; 0.0; 1.0; 0.0; 1.0; 0.0; 1_Heidelberg; 
20.04.2016 09:00:00; 1799; 1703.6; 10.828; 0.0; 0.0; 0.0; 0.0; 0.0; 0.0; 4723; 90; 343; 94; 0.0; 0.0; 0.0; 0.006; 5.0; 16.0; 23.63672; -33.93199; 1.0; 0.0; 1.0; 0.0; 1.0; 0.0; 1.00001; 0.0; 1.0; 0.0; 1.0; 0.0; 1.0; 0.0; 1_Heidelberg; 
20.04.2016 08:30:00; 1798; 1706.065; 10.583; 0.0; 0.0; 0.0; 0.0; 0.0; 0.0; 5682; 118; 317; 94; 0.0; 0.0; 0.0; 0.006; 5.0; 16.0; 23.63672; -33.93199; 1.0; 0.0; 1.0; 0.0; 1.0; 0.0; 1.00001; 0.0; 1.0; 0.0; 1.0; 0.0; 1.0; 0.0; 1_Heidelberg; 
20.04.2016 08:00:00; 1799; 1711.006; 10.897; 0.0; 0.0; 0.0; 0.0; 0.0; 0.0; 6250; 149; 338; 94; 0.0; 0.0; 0.0; 0.006; 5.0; 16.0; 23.63672; -33.93199; 1.0; 0.0; 1.0; 0.0; 1.0; 0.0; 1.00001; 0.0; 1.0; 0.0; 1.0; 0.0; 1.0; 0.0; 1_Heidelberg; 
20.04.2016 07:30:00; 1798; 1714.938; 10.84; 0.0; 0.0; 0.0; 0.0; 0.0; 0.0; 6368; 134; 351; 94; 0.0; 0.0; 0.0; 0.006; 5.0; 16.0; 23.63672; -33.93199; 1.0; 0.0; 1.0; 0.0; 1.0; 0.0; 1.00001; 0.0; 1.0; 0.0; 1.0; 0.0; 1.0; 0.0; 1_Heidelberg; 
20.04.2016 07:00:00; 1799; 1717.928; 10.759; 0.0; 0.0; 0.0; 0.0; 0.0; 0.0; 6204; 149; 296; 94; 0.0; 0.0; 0.0; 0.005; 5.0; 16.0; 23.63672; -33.93199; 1.0; 0.0; 1.0; 0.0; 1.0; 0.0; 1.00001; 0.0; 1.0; 0.0; 1.0; 0.0; 1.0; 0.0; 1_Heidelberg; 
20.04.2016 06:30:00; 1798; 1718.903; 10.874; 0.0; 0.0; 0.0; 0.0; 0.0; 0.0; 6424; 147; 341; 94; 0.0; 0.0; 0.0; 0.005; 5.0; 16.0; 23.63672; -33.93199; 1.0; 0.0; 1.0; 0.0; 1.0; 0.0; 1.00001; 0.0; 1.0; 0.0; 1.0; 0.0; 1.0; 0.0; 1_Heidelberg; 
20.04.2016 06:00:00; 1799; 1717.418; 10.92; 0.0; 0.0; 0.0; 0.0; 0.0; 0.0; 5964; 147; 259; 94; 0.0; 0.0; 0.0; 0.005; 5.0; 16.0; 23.63672; -33.93199; 1.0; 0.0; 1.0; 0.0; 1.0; 0.0; 1.00001; 0.0; 1.0; 0.0; 1.0; 0.0; 1.0; 0.0; 1_Heidelberg; 
20.04.2016 05:30:00; 1798; 1715.67; 10.92; 0.0; 0.0; 0.0; 0.0; 0.0; 0.0; 5016; 115; 283; 94; 0.0; 0.0; 0.0; 0.005; 5.0; 16.0; 23.63672; -33.93199; 1.0; 0.0; 1.0; 0.0; 1.0; 0.0; 1.00001; 0.0; 1.0; 0.0; 1.0; 0.0; 1.0; 0.0; 1_Heidelberg; 
20.04.2016 05:00:00; 1799; 1714.144; 10.851; 0.0; 0.0; 0.0; 0.0; 0.0; 0.0; 3879; 85; 223; 94; 0.0; 0.0; 0.0; 0.005; 5.0; 16.0; 23.63672; -33.93199; 1.0; 0.0; 1.0; 0.0; 1.0; 0.0; 1.00001; 0.0; 1.0; 0.0; 1.0; 0.0; 1.0; 0.0; 1_Heidelberg; 
20.04.2016 04:30:00; 1798; 1714.865; 10.874; 0.0; 0.0; 0.0; 0.0; 0.0; 0.0; 2953; 68; 220; 94; 0.0; 0.0; 0.0; 0.005; 5.0; 16.0; 23.63672; -33.93199; 1.0; 0.0; 1.0; 0.0; 1.0; 0.0; 1.00001; 0.0; 1.0; 0.0; 1.0; 0.0; 1.0; 0.0; 1_Heidelberg; 
20.04.2016 04:00:00; 1799; 1714.367; 10.654; 0.0; 0.0; 0.0; 0.0; 0.0; 0.0; 3247; 60; 208; 94; 0.0; 0.0; 0.0; 0.005; 5.0; 16.0; 23.63672; -33.93199; 1.0; 0.0; 1.0; 0.0; 1.0; 0.0; 1.00001; 0.0; 1.0; 0.0; 1.0; 0.0; 1.0; 0.0; 1_Heidelberg; 
20.04.2016 03:30:00; 1798; 1714.566; 10.92; 0.0; 0.0; 0.0; 0.0; 0.0; 0.0; 3728; 65; 202; 94; 0.0; 0.0; 0.0; 0.005; 5.0; 16.0; 23.63672; -33.93199; 1.0; 0.0; 1.0; 0.0; 1.0; 0.0; 1.00001; 0.0; 1.0; 0.0; 1.0; 0.0; 1.0; 0.0; 1_Heidelberg; 
20.04.2016 03:00:00; 1799; 1714.774; 10.428; 0.0; 0.0; 0.0; 0.0; 0.0; 0.0; 3269; 56; 196; 94; 0.0; 0.0; 0.0; 0.005; 5.0; 16.0; 23.63672; -33.93199; 1.0; 0.0; 1.0; 0.0; 1.0; 0.0; 1.00001; 0.0; 1.0; 0.0; 1.0; 0.0; 1.0; 0.0; 1_Heidelberg; 
20.04.2016 02:30:00; 1798; 1713.95; 11.011; 0.0; 0.0; 0.0; 0.0; 0.0; 0.0; 2703; 60; 172; 94; 0.0; 0.0; 0.0; 0.005; 5.0; 16.0; 23.63672; -33.93199; 1.0; 0.0; 1.0; 0.0; 1.0; 0.0; 1.00001; 0.0; 1.0; 0.0; 1.0; 0.0; 1.0; 0.0; 1_Heidelberg; 
20.04.2016 02:00:00; 1799; 1713.457; 11.102; 0.0; 0.0; 0.0; 0.0; 0.0; 0.0; 2127; 57; 134; 94; 0.0; 0.0; 0.0; 0.005; 5.0; 16.0; 23.63672; -33.93199; 1.0; 0.0; 1.0; 0.0; 1.0; 0.0; 1.00001; 0.0; 1.0; 0.0; 1.0; 0.0; 1.0; 0.0; 1_Heidelberg; 
20.04.2016 01:30:00; 1798; 1713.251; 10.966; 0.0; 0.0; 0.0; 0.0; 0.0; 0.0; 1862; 47; 160; 94; 0.0; 0.0; 0.0; 0.005; 5.0; 16.0; 23.63672; -33.93199; 1.0; 0.0; 1.0; 0.0; 1.0; 0.0; 1.00001; 0.0; 1.0; 0.0; 1.0; 0.0; 1.0; 0.0; 1_Heidelberg; 
20.04.2016 01:00:00; 1799; 1713.262; 10.794; 0.0; 0.0; 0.0; 0.0; 0.0; 0.0; 1852; 41; 166; 94; 0.0; 0.0; 0.0; 0.005; 5.0; 16.0; 23.63672; -33.93199; 1.0; 0.0; 1.0; 0.0; 1.0; 0.0; 1.00001; 0.0; 1.0; 0.0; 1.0; 0.0; 1.0; 0.0; 1_Heidelberg; 
20.04.2016 00:30:00; 1799; 1713.052; 10.665; 0.0; 0.0; 0.0; 0.0; 0.0; 0.0; 1825; 51; 157; 94; 0.0; 0.0; 0.0; 0.005; 5.0; 16.0; 23.63672; -33.93199; 1.0; 0.0; 1.0; 0.0; 1.0; 0.0; 1.00001; 0.0; 1.0; 0.0; 1.0; 0.0; 1.0; 0.0; 1_Heidelberg; 
20.04.2016 00:00:00; 1798; 1712.741; 11.0; 0.0; 0.0; 0.0; 0.0; 0.0; 0.0; 1892; 48; 180; 94; 0.0; 0.0; 0.0; 0.006; 5.0; 16.0; 23.63672; -33.93199; 1.0; 0.0; 1.0; 0.0; 1.0; 0.0; 1.00001; 0.0; 1.0; 0.0; 1.0; 0.0; 1.0; 0.0; 1_Heidelberg; 
19.04.2016 23:30:00; 1799; 1711.908; 10.851; 0.0; 0.0; 0.0; 0.0; 0.0; 0.0; 1806; 32; 148; 94; 0.0; 0.0; 0.0; 0.005; 5.0; 16.0; 23.63672; -33.93199; 1.0; 0.0; 1.0; 0.0; 1.0; 0.0; 1.00001; 0.0; 1.0; 0.0; 1.0; 0.0; 1.0; 0.0; 1_Heidelberg; 
19.04.2016 23:00:00; 1798; 1712.223; 10.712; 0.0; 0.0; 0.0; 0.0; 0.0; 0.0; 1788; 43; 159; 94; 0.0; 0.0; 0.0; 0.005; 5.0; 16.0; 23.63672; -33.93199; 1.0; 0.0; 1.0; 0.0; 1.0; 0.0; 1.00001; 0.0; 1.0; 0.0; 1.0; 0.0; 1.0; 0.0; 1_Heidelberg; 
19.04.2016 22:30:00; 1799; 1710.139; 10.488; 0.0; 0.0; 0.0; 0.0; 0.0; 0.0; 1731; 38; 130; 94; 0.0; 0.0; 0.0; 0.005; 5.0; 16.0; 23.63672; -33.93199; 1.0; 0.0; 1.0; 0.0; 1.0; 0.0; 1.00001; 0.0; 1.0; 0.0; 1.0; 0.0; 1.0; 0.0; 1_Heidelberg; 
19.04.2016 22:00:00; 1798; 1709.825; 10.966; 0.0; 0.0; 0.0; 0.0; 0.0; 0.0; 1577; 45; 120; 94; 0.0; 0.0; 0.0; 0.006; 5.0; 16.0; 23.63672; -33.93199; 1.0; 0.0; 1.0; 0.0; 1.0; 0.0; 1.00001; 0.0; 1.0; 0.0; 1.0; 0.0; 1.0; 0.0; 1_Heidelberg; 
19.04.2016 21:30:00; 1799; 1709.492; 10.524; 0.0; 0.0; 0.0; 0.0; 0.0; 0.0; 1558; 26; 124; 94; 0.0; 0.0; 0.0; 0.006; 5.0; 16.0; 23.63672; -33.93199; 1.0; 0.0; 1.0; 0.0; 1.0; 0.0; 1.00001; 0.0; 1.0; 0.0; 1.0; 0.0; 1.0; 0.0; 1_Heidelberg; 
19.04.2016 21:00:00; 1798; 1709.05; 10.428; 0.0; 0.0; 0.0; 0.0; 0.0; 0.0; 1552; 35; 148; 94; 0.0; 0.0; 0.0; 0.006; 5.0; 16.0; 23.63672; -33.93199; 1.0; 0.0; 1.0; 0.0; 1.0; 0.0; 1.00001; 0.0; 1.0; 0.0; 1.0; 0.0; 1.0; 0.0; 1_Heidelberg; 
19.04.2016 20:30:00; 1799; 1708.209; 10.863; 0.0; 0.0; 0.0; 0.0; 0.0; 0.0; 1435; 44; 124; 94; 0.0; 0.0; 0.0; 0.006; 5.0; 16.0; 23.63672; -33.93199; 1.0; 0.0; 1.0; 0.0; 1.0; 0.0; 1.00001; 0.0; 1.0; 0.0; 1.0; 0.0; 1.0; 0.0; 1_Heidelberg; 
19.04.2016 20:00:00; 1798; 1707.193; 10.874; 0.0; 0.0; 0.0; 0.0; 0.0; 0.0; 1263; 29; 129; 94; 0.0; 0.0; 0.0; 0.005; 5.0; 16.0; 23.63672; -33.93199; 1.0; 0.0; 1.0; 0.0; 1.0; 0.0; 1.00001; 0.0; 1.0; 0.0; 1.0; 0.0; 1.0; 0.0; 1_Heidelberg; 
19.04.2016 19:30:00; 1799; 1706.831; 10.817; 0.0; 0.0; 0.0; 0.0; 0.0; 0.0; 1086; 25; 122; 94; 0.0; 0.0; 0.0; 0.005; 5.0; 16.0; 23.63672; -33.93199; 1.0; 0.0; 1.0; 0.0; 1.0; 0.0; 1.00001; 0.0; 1.0; 0.0; 1.0; 0.0; 1.0; 0.0; 1_Heidelberg; 
19.04.2016 19:00:00; 1798; 1706.888; 10.863; 0.0; 0.0; 0.0; 0.0; 0.0; 0.0; 1015; 16; 124; 94; 0.0; 0.0; 0.0; 0.005; 5.0; 16.0; 23.63672; -33.93199; 1.0; 0.0; 1.0; 0.0; 1.0; 0.0; 1.00001; 0.0; 1.0; 0.0; 1.0; 0.0; 1.0; 0.0; 1_Heidelberg; 
19.04.2016 18:30:00; 1799; 1706.943; 10.344; 0.0; 0.0; 0.0; 0.0; 0.0; 0.0; 930; 19; 123; 94; 0.0; 0.0; 0.0; 0.005; 5.0; 16.0; 23.63672; -33.93199; 1.0; 0.0; 1.0; 0.0; 1.0; 0.0; 1.00001; 0.0; 1.0; 0.0; 1.0; 0.0; 1.0; 0.0; 1_Heidelberg; 
19.04.2016 18:00:00; 1798; 1706.465; 11.057; 0.0; 0.0; 0.0; 0.0; 0.0; 0.0; 932; 21; 136; 94; 0.0; 0.0; 0.0; 0.005; 5.0; 16.0; 23.63672; -33.93199; 1.0; 0.0; 1.0; 0.0; 1.0; 0.0; 1.00001; 0.0; 1.0; 0.0; 1.0; 0.0; 1.0; 0.0; 1_Heidelberg; 
19.04.2016 17:30:00; 1799; 1706.432; 10.851; 0.0; 0.0; 0.0; 0.0; 0.0; 0.0; 851; 23; 128; 94; 0.0; 0.0; 0.0; 0.006; 5.0; 16.0; 23.63672; -33.93199; 1.0; 0.0; 1.0; 0.0; 1.0; 0.0; 1.00001; 0.0; 1.0; 0.0; 1.0; 0.0; 1.0; 0.0; 1_Heidelberg; 
19.04.2016 17:00:00; 1798; 1705.575; 10.712; 0.0; 0.0; 0.0; 0.0; 0.0; 0.0; 814; 31; 116; 94; 0.0; 0.0; 0.0; 0.006; 5.0; 16.0; 23.63672; -33.93199; 1.0; 0.0; 1.0; 0.0; 1.0; 0.0; 1.00001; 0.0; 1.0; 0.0; 1.0; 0.0; 1.0; 0.0; 1_Heidelberg; 
19.04.2016 16:30:00; 1799; 1705.597; 11.124; 0.0; 0.0; 0.0; 0.0; 0.0; 0.0; 798; 23; 116; 94; 0.0; 0.0; 0.0; 0.006; 5.0; 16.0; 23.63672; -33.93199; 1.0; 0.0; 1.0; 0.0; 1.0; 0.0; 1.00001; 0.0; 1.0; 0.0; 1.0; 0.0; 1.0; 0.0; 1_Heidelberg; 
19.04.2016 16:00:00; 1798; 1704.964; 11.034; 0.0; 0.0; 0.0; 0.0; 0.0; 0.0; 767; 18; 135; 94; 0.0; 0.0; 0.0; 0.006; 5.0; 16.0; 23.63672; -33.93199; 1.0; 0.0; 1.0; 0.0; 1.0; 0.0; 1.00001; 0.0; 1.0; 0.0; 1.0; 0.0; 1.0; 0.0; 1_Heidelberg; 
19.04.2016 15:30:00; 1799; 1704.435; 11.079; 0.0; 0.0; 0.0; 0.0; 0.0; 0.0; 764; 11; 111; 94; 0.0; 0.0; 0.0; 0.006; 5.0; 16.0; 23.63672; -33.93199; 1.0; 0.0; 1.0; 0.0; 1.0; 0.0; 1.00001; 0.0; 1.0; 0.0; 1.0; 0.0; 1.0; 0.0; 1_Heidelberg; 
19.04.2016 15:00:00; 1798; 1704.386; 10.512; 0.0; 0.0; 0.0; 0.0; 0.0; 0.0; 778; 19; 136; 94; 0.0; 0.0; 0.0; 0.006; 5.0; 16.0; 23.63672; -33.93199; 1.0; 0.0; 1.0; 0.0; 1.0; 0.0; 1.00001; 0.0; 1.0; 0.0; 1.0; 0.0; 1.0; 0.0; 1_Heidelberg; 
19.04.2016 14:30:00; 1799; 1703.902; 10.84; 0.0; 0.0; 0.0; 0.0; 0.0; 0.0; 780; 12; 167; 94; 0.0; 0.0; 0.0; 0.006; 5.0; 16.0; 23.63672; -33.93199; 1.0; 0.0; 1.0; 0.0; 1.0; 0.0; 1.00001; 0.0; 1.0; 0.0; 1.0; 0.0; 1.0; 0.0; 1_Heidelberg; 
19.04.2016 14:00:00; 1798; 1703.928; 10.63; 0.0; 0.0; 0.0; 0.0; 0.0; 0.0; 804; 23; 152; 94; 0.0; 0.0; 0.0; 0.005; 5.0; 16.0; 23.63672; -33.93199; 1.0; 0.0; 1.0; 0.0; 1.0; 0.0; 1.00001; 0.0; 1.0; 0.0; 1.0; 0.0; 1.0; 0.0; 1_Heidelberg; 
19.04.2016 13:30:00; 1799; 1703.485; 10.665; 0.0; 0.0; 0.0; 0.0; 0.0; 0.0; 741; 20; 125; 94; 0.0; 0.0; 0.0; 0.005; 5.0; 16.0; 23.63672; -33.93199; 1.0; 0.0; 1.0; 0.0; 1.0; 0.0; 1.00001; 0.0; 1.0; 0.0; 1.0; 0.0; 1.0; 0.0; 1_Heidelberg; 
19.04.2016 13:00:00; 1798; 1703.654; 10.863; 0.0; 0.0; 0.0; 0.0; 0.0; 0.0; 892; 28; 122; 94; 0.0; 0.0; 0.0; 0.005; 5.0; 16.0; 23.63672; -33.93199; 1.0; 0.0; 1.0; 0.0; 1.0; 0.0; 1.00001; 0.0; 1.0; 0.0; 1.0; 0.0; 1.0; 0.0; 1_Heidelberg; 
19.04.2016 12:30:00; 1799; 1703.95; 11.325; 0.0; 0.0; 0.0; 0.0; 0.0; 0.0; 1088; 33; 144; 94; 0.0; 0.0; 0.0; 0.005; 5.0; 16.0; 23.63672; -33.93199; 1.0; 0.0; 1.0; 0.0; 1.0; 0.0; 1.00001; 0.0; 1.0; 0.0; 1.0; 0.0; 1.0; 0.0; 1_Heidelberg; 
